1 lorem 0
2 ipsum 0
3 dolor 0
4 sit 0
5 amet 0
6 consectetur 0
7 adipiscing 0
8 elit 0
9 eiusmod 0
10 incididunt 0
11 ut 0
12 labore 0
13 et 0
14 dolore 0
15 aliqua 0
16 ad 0
17 veniam 0
18 quis 0
19 nostrud 0
20 ullamco 0
21 laboris 0
22 nisi 0
23 aliquip 0
24 ex 0
25 ea 0
26 commodo 0
27 consequat 0
28 duis 0
29 aute 0
30 in 0
31 reprehenderit 0
32 cillum 0
33 pariatur 0
34 excepteur 0
35 sint 0
36 occaecat 0
37 cupidatat 0
38 non 0
39 proident 0
40 sunt 0
41 culpa 0
42 officia 0
43 mollit 0
44 est 0

1 2 100000000
2 1 100000000
2 3 100000000
3 2 100000000
3 4 100000000
4 3 100000000
4 5 100000000
5 4 100000000
5 6 100000000
6 5 100000000
6 7 100000000
7 6 100000000
7 8 100000000
8 7 100000000
8 9 100000000
9 8 100000000
9 10 100000000
10 9 100000000
10 11 100000000
11 10 100000000
11 12 100000000
12 11 100000000
12 13 100000000
13 12 100000000
13 14 100000000
14 13 100000000
14 15 100000000
15 14 100000000
15 16 100000000
16 15 100000000
16 17 100000000
17 16 100000000
17 18 100000000
18 17 100000000
18 19 100000000
19 18 100000000
19 20 100000000
20 19 100000000
20 21 100000000
21 20 100000000
21 22 100000000
22 21 100000000
22 23 100000000
23 22 100000000
23 24 100000000
24 23 100000000
24 25 100000000
25 24 100000000
25 26 100000000
26 25 100000000
26 27 100000000
27 26 100000000
27 28 100000000
28 27 100000000
28 29 100000000
29 28 100000000
29 30 100000000
30 29 100000000
30 31 100000000
31 30 100000000
31 32 100000000
32 31 100000000
32 33 100000000
33 32 100000000
33 34 100000000
34 33 100000000
34 35 100000000
35 34 100000000
35 36 100000000
36 35 100000000
36 37 100000000
37 36 100000000
37 38 100000000
38 37 100000000
38 39 100000000
39 38 100000000
39 40 100000000
40 39 100000000
40 41 100000000
41 40 100000000
41 42 100000000
42 41 100000000
42 43 100000000
43 42 100000000
43 44 100000000
44 43 100000000
44 1 1
1 44 1
